1 0.333594 0.5 0.667188 1 
1 0.582812 0.5 0.834375 1 
1 0.43125 0.486111 0.554688 0.972222 
1 0.582812 0.5 0.834375 1 
1 0.43125 0.486111 0.554688 0.972222 
1 0.582812 0.5 0.834375 1 
1 0.43125 0.486111 0.554688 0.972222 
1 0.719922 0.5 0.557031 1 
1 0.423828 0.493056 0.572656 0.986111 
1 0.719922 0.5 0.557031 1 
1 0.423828 0.493056 0.572656 0.986111 
1 0.719922 0.5 0.557031 1 
1 0.423828 0.493056 0.572656 0.986111 
1 0.719531 0.5 0.554688 1 
1 0.417969 0.497222 0.585938 0.994444 
1 0.719531 0.5 0.554688 1 
1 0.417969 0.497222 0.585938 0.994444 
1 0.719531 0.5 0.554688 1 
1 0.417969 0.497222 0.585938 0.994444 
1 0.420312 0.495139 0.58125 0.990278 
1 0.420312 0.495139 0.58125 0.990278 
1 0.420312 0.495139 0.58125 0.990278 
1 0.423047 0.493056 0.575781 0.986111 
1 0.423047 0.493056 0.575781 0.986111 
1 0.423047 0.493056 0.575781 0.986111 
1 0.424219 0.491667 0.573438 0.983333 
1 0.424219 0.491667 0.573438 0.983333 
1 0.423828 0.492361 0.574219 0.984722 
1 0.423828 0.492361 0.574219 0.984722 
1 0.423828 0.492361 0.574219 0.984722 
1 0.424609 0.490278 0.571094 0.980556 
1 0.424609 0.490278 0.571094 0.980556 
1 0.424609 0.490278 0.571094 0.980556 
1 0.579297 0.5 0.841406 1 
1 0.43125 0.485417 0.55625 0.970833 
1 0.579297 0.5 0.841406 1 
1 0.43125 0.485417 0.55625 0.970833 
1 0.579297 0.5 0.841406 1 
1 0.43125 0.485417 0.55625 0.970833 
1 0.573047 0.5 0.853906 1 
1 0.431641 0.485417 0.555469 0.970833 
1 0.573047 0.5 0.853906 1 
1 0.431641 0.485417 0.555469 0.970833 
1 0.573047 0.5 0.853906 1 
1 0.431641 0.485417 0.555469 0.970833 
1 0.5 0.5 1 1 
1 0.432031 0.484722 0.554688 0.969444 
1 0.5 0.5 1 1 
1 0.432031 0.484722 0.554688 0.969444 
1 0.5 0.5 1 1 
1 0.441797 0.477083 0.535156 0.954167 
1 0.5 0.5 1 1 
1 0.441797 0.477083 0.535156 0.954167 
1 0.5 0.5 1 1 
1 0.441797 0.477083 0.535156 0.954167 
1 0.430859 0.485417 0.561719 0.970833 
1 0.430859 0.485417 0.561719 0.970833 
1 0.430859 0.485417 0.561719 0.970833 
1 0.420703 0.493056 0.583594 0.986111 
1 0.420703 0.493056 0.583594 0.986111 
1 0.420703 0.493056 0.583594 0.986111 
1 0.421094 0.490972 0.575 0.981944 
1 0.421094 0.490972 0.575 0.981944 
1 0.422266 0.486806 0.567969 0.973611 
1 0.422266 0.486806 0.567969 0.973611 
1 0.422266 0.486806 0.567969 0.973611 
1 0.493359 0.5 0.986719 1 
1 0.435937 0.476389 0.5375 0.952778 
1 0.493359 0.5 0.986719 1 
1 0.435937 0.476389 0.5375 0.952778 
1 0.493359 0.5 0.986719 1 
1 0.435937 0.476389 0.5375 0.952778 
1 0.5 0.5 1 1 
1 0.440625 0.472222 0.528125 0.944444 
1 0.5 0.5 1 1 
1 0.440625 0.472222 0.528125 0.944444 
1 0.5 0.5 1 1 
1 0.439844 0.475694 0.534375 0.951389 
1 0.5 0.5 1 1 
1 0.439844 0.475694 0.534375 0.951389 
1 0.5 0.5 1 1 
1 0.439844 0.475694 0.534375 0.951389 
1 0.601953 0.495833 0.796094 0.991667 
1 0.437109 0.48125 0.542969 0.9625 
1 0.601953 0.495833 0.796094 0.991667 
1 0.437109 0.48125 0.542969 0.9625 
1 0.601953 0.495833 0.796094 0.991667 
1 0.437109 0.48125 0.542969 0.9625 
1 0.721875 0.5 0.55625 1 
1 0.404687 0.5 0.610937 1 
1 0.721875 0.5 0.55625 1 
1 0.404687 0.5 0.610937 1 
1 0.721875 0.5 0.55625 1 
1 0.404687 0.5 0.610937 1 
1 0.572656 0.5 0.78125 1 
1 0.333594 0.490278 0.667188 0.980556 
1 0.572656 0.5 0.78125 1 
1 0.333594 0.490278 0.667188 0.980556 
1 0.427344 0.496528 0.571875 0.993056 
1 0.427344 0.496528 0.571875 0.993056 
1 0.427344 0.496528 0.571875 0.993056 
1 0.407031 0.5 0.621875 1 
1 0.407031 0.5 0.621875 1 
1 0.407031 0.5 0.621875 1 
1 0.419141 0.5 0.592969 1 
1 0.419141 0.5 0.592969 1 
1 0.419141 0.5 0.592969 1 
1 0.551562 0.5 0.896875 1 
1 0.716797 0.496528 0.566406 0.993056 
1 0.427734 0.495833 0.574219 0.991667 
1 0.551562 0.5 0.896875 1 
1 0.716797 0.496528 0.566406 0.993056 
1 0.427734 0.495833 0.574219 0.991667 
1 0.555469 0.5 0.889063 1 
1 0.719531 0.495139 0.545313 0.990278 
1 0.433984 0.488194 0.558594 0.976389 
1 0.555469 0.5 0.889063 1 
1 0.719531 0.495139 0.545313 0.990278 
1 0.433984 0.488194 0.558594 0.976389 
1 0.555469 0.5 0.889063 1 
1 0.719531 0.495139 0.545313 0.990278 
1 0.433984 0.488194 0.558594 0.976389 
1 0.426172 0.492361 0.575781 0.984722 
1 0.426172 0.492361 0.575781 0.984722 
1 0.426172 0.492361 0.575781 0.984722 
1 0.414062 0.498611 0.598437 0.997222 
1 0.414062 0.498611 0.598437 0.997222 
1 0.405859 0.5 0.613281 1 
1 0.405859 0.5 0.613281 1 
1 0.405859 0.5 0.613281 1 
1 0.405859 0.5 0.613281 1 
1 0.401172 0.5 0.630469 1 
1 0.401172 0.5 0.630469 1 
1 0.401172 0.5 0.630469 1 
1 0.394922 0.5 0.653906 1 
1 0.394922 0.5 0.653906 1 
1 0.758203 0.5 0.458594 1 
1 0.380859 0.5 0.683594 1 
1 0.758203 0.5 0.458594 1 
1 0.380859 0.5 0.683594 1 
1 0.758203 0.5 0.458594 1 
1 0.380859 0.5 0.683594 1 
1 0.4125 0.490278 0.592188 0.980556 
1 0.4125 0.490278 0.592188 0.980556 
1 0.4125 0.490278 0.592188 0.980556 
1 0.5 0.5 1 1 
1 0.448047 0.465972 0.519531 0.931944 
1 0.5 0.5 1 1 
1 0.448047 0.465972 0.519531 0.931944 
1 0.5 0.5 1 1 
1 0.448047 0.465972 0.519531 0.931944 
1 0.494531 0.5 0.989062 1 
1 0.436719 0.475 0.535937 0.95 
1 0.494531 0.5 0.989062 1 
1 0.436719 0.475 0.535937 0.95 
1 0.494531 0.5 0.989062 1 
1 0.436719 0.475 0.535937 0.95 
1 0.5 0.5 1 1 
1 0.449609 0.464583 0.503906 0.929167 
1 0.5 0.5 1 1 
1 0.449609 0.464583 0.503906 0.929167 
1 0.5 0.5 1 1 
1 0.460156 0.45625 0.4875 0.9125 
1 0.5 0.5 1 1 
1 0.460156 0.45625 0.4875 0.9125 
1 0.5 0.5 1 1 
1 0.460156 0.45625 0.4875 0.9125 
1 0.497656 0.5 0.995313 1 
1 0.407813 0.400694 0.667188 0.801389 
1 0.470313 0.45 0.464063 0.9 
1 0.497656 0.5 0.995313 1 
1 0.407813 0.400694 0.667188 0.801389 
1 0.470313 0.45 0.464063 0.9 
1 0.497656 0.5 0.995313 1 
1 0.407813 0.400694 0.667188 0.801389 
1 0.470313 0.45 0.464063 0.9 
1 0.5 0.5 1 1 
1 0.461328 0.456944 0.480469 0.913889 
1 0.5 0.5 1 1 
1 0.461328 0.456944 0.480469 0.913889 
1 0.594531 0.488194 0.7875 0.976389 
1 0.466406 0.454167 0.470313 0.908333 
1 0.594531 0.488194 0.7875 0.976389 
1 0.466406 0.454167 0.470313 0.908333 
1 0.594531 0.488194 0.7875 0.976389 
1 0.466406 0.454167 0.470313 0.908333 
1 0.498828 0.5 0.997656 1 
1 0.408984 0.394444 0.646094 0.788889 
1 0.471484 0.449306 0.460156 0.898611 
1 0.498828 0.5 0.997656 1 
1 0.408984 0.394444 0.646094 0.788889 
1 0.471484 0.449306 0.460156 0.898611 
1 0.498828 0.5 0.997656 1 
1 0.408984 0.394444 0.646094 0.788889 
1 0.471484 0.449306 0.460156 0.898611 
1 0.589844 0.483333 0.765625 0.966667 
1 0.466016 0.452083 0.471094 0.904167 
1 0.589844 0.483333 0.765625 0.966667 
1 0.466016 0.452083 0.471094 0.904167 
1 0.500391 0.5 0.996094 1 
1 0.405469 0.401389 0.667188 0.802778 
1 0.468359 0.451389 0.464844 0.902778 
1 0.500391 0.5 0.996094 1 
1 0.405469 0.401389 0.667188 0.802778 
1 0.468359 0.451389 0.464844 0.902778 
1 0.500391 0.5 0.996094 1 
1 0.405469 0.401389 0.667188 0.802778 
1 0.468359 0.451389 0.464844 0.902778 
1 0.5 0.5 1 1 
1 0.446094 0.465972 0.510938 0.931944 
1 0.5 0.5 1 1 
1 0.446094 0.465972 0.510938 0.931944 
1 0.5 0.5 1 1 
1 0.446094 0.465972 0.510938 0.931944 
1 0.5 0.5 1 1 
1 0.444141 0.470139 0.513281 0.940278 
1 0.5 0.5 1 1 
1 0.444141 0.470139 0.513281 0.940278 
1 0.5 0.5 1 1 
1 0.448047 0.467361 0.508594 0.934722 
1 0.5 0.5 1 1 
1 0.448047 0.467361 0.508594 0.934722 
1 0.5 0.5 1 1 
1 0.448047 0.467361 0.508594 0.934722 
1 0.5 0.5 1 1 
1 0.44375 0.46875 0.523438 0.9375 
1 0.5 0.5 1 1 
1 0.44375 0.46875 0.523438 0.9375 
1 0.5 0.5 1 1 
1 0.44375 0.46875 0.523438 0.9375 
1 0.5 0.5 1 1 
1 0.443359 0.473611 0.532031 0.947222 
1 0.5 0.5 1 1 
1 0.443359 0.473611 0.532031 0.947222 
1 0.5 0.5 1 1 
1 0.451953 0.463194 0.517969 0.926389 
1 0.5 0.5 1 1 
1 0.451953 0.463194 0.517969 0.926389 
1 0.5 0.5 1 1 
1 0.451953 0.463194 0.517969 0.926389 
1 0.5 0.5 1 1 
1 0.444531 0.468056 0.535937 0.936111 
1 0.5 0.5 1 1 
1 0.444531 0.468056 0.535937 0.936111 
1 0.5 0.5 1 1 
1 0.444531 0.468056 0.535937 0.936111 
1 0.5 0.5 1 1 
1 0.445703 0.465972 0.532031 0.931944 
1 0.5 0.5 1 1 
1 0.445703 0.465972 0.532031 0.931944 
1 0.5 0.5 1 1 
1 0.445703 0.469444 0.532031 0.938889 
1 0.5 0.5 1 1 
1 0.445703 0.469444 0.532031 0.938889 
1 0.5 0.5 1 1 
1 0.445703 0.469444 0.532031 0.938889 
1 0.5 0.5 1 1 
1 0.445312 0.469444 0.535937 0.938889 
